1268200009
1268200048
1268200139
1268200207
1268200244
1268200261
1268200296
1268200356
1268200598
1268200618
1268200692
1268200700
1268200704
1268200774
1268200928
1268200956
1268200976
1268201071
1268201111
1268201366
1268201515
1268201874
1268202181
1268202427
1268202604
1268202637
1268202780
1268202975
1268202995
1268203172
1268203204
1268203377
1268203551
1268203651
1268203798
1268203935
1268203965
1268204235
1268204329
1268204445
1268204694
1268204765
1268204847
1268204902
1268204958
1268205007
1268205020
1268205238
1268205439
1268205519
1268205553
1268205654
1268205784
1268205806
1268205842
1268205891
1268205907
1268205917
1268206082
1268206099
1268206121
1268206498
1268206632
1268206647
1268206672
1268206825
1268206826
1268206855
1268206878
1268206982
1268207043
1268207052
1268207186
1268207271
1268207424
1268207444
1268207452
1268207548
1268207589
1268207613
1268207695
1268207893
1268207896
1268207900
1268208012
1268208050
1268208077
1268208102
1268208433
1268208552
1268208691
1268208837
1268209107
1268209138
1268209172
1268209219
1268209384
1268209437
1268209501
1268209887
