761610538
762670928
769081806
761503099
767883412
768433433
762112923
767432946
764430061
765120550
764880656
761522343
768405727
765697080
765001158
764040816
761597852
765747462
763887272
767441885
760377897
760603111
763461230
761533476
767568462
764340997
765121419
765560948
768143679
761717072
762758600
763036793
760655293
761804917
764001036
763148181
762824764
762825312
766854689
769226803
769266061
762336147
767876610
761804844
760811340
767365798
765313715
765782666
769160167
764934770
762778593
764463749
762355567
766070489
769622137
762005372
767357138
763749148
765245946
763563665
762650018
764903124
767587504
767505903
761358290
761259826
765414902
760768347
768244195
765215528
764915205
763941576
765733765
766576624
760640613
765335164
767303368
760939929
768599356
765284420
760215612
766876015
760461106
764076081
760507290
763184486
763452174
764552081
769889568
766242280
766758081
760753859
764327089
762625125
766060791
766241701
765571862
767408277
760600722
761788889
766300051
769179230
761371422
760518435
767939188
765290317
766433810
767037360
768628924
768338120
769080803
769011207
765688165
760352839
765860048
766460984
765909418
768932439
765572036
765058361
761834821
765135770
764427554
764639073
765552954
761853272
765201446
767198746
762203373
763756889
766728662
762813608
765572982
764576298
766176375
765252010
763036034
769144644
767846227
766774809
763792585
763065827
761875800
765078422
767226585
765517192
769660932
765227221
766088982
764339476
761703936
767388771
764176455
762094759
765821402
760114716
764839427
763459118
763558775
762792410
769082409
760193673
769359551
763772447
767144473
763766211
762800581
769700380
760463115
767191836
765830376
766468476
767264013
760073475
760461031
769355191
763902704
764188854
762379230
763011033
765382741
766061287
767121549
766150168
769721296
760041569
761814878
765131712
763388761
765920467
765400273
766314776
767069908
763327706
768084701
765039318
760818646
760261079
760399016
763481791
763868979
763048022
761092449
761600351
766491422
767073495
761398316
761763762
761743795
768052037
763371673
760554428
766386296
769202623
764848091
768327496
764719509
765250255
763441499
765577064
765566196
762324937
769967471
766720430
769814394
764875441
765223675
761712257
761246910
762648336
768978280
762867535
766758093
768238080
764438386
760155094
761076114
763480311
766726281
762041115
764625656
762350051
763911185
767683049
762264614
764417374
761132812
767550468
766464891
762872701
769265017
761055582
763023980
767926766
763115276
760012460
767959874
763127341
764190477
764907285
765637287
765897565
765582159
768627665
765721958
764102718
768967363
768837257
768001283
767164159
764225204
766090901
765005912
760271367
766109831
764290165
762662008
760302953
762588901
762915232
763291889
762061240
767618516
762738792
762111217
768365137
763745481
763386172
763950433
763297578
761140052
762265007
767334758
767380471
762465602
762998471
766198828
765289141
763073214
769437855
768167495
765442633
764403264
762342770
761575340
767507195
767938439
768404856
762971930
761599880
760910541
769058883
766813249
761579607
761423124
760610157
768082139
762267029
760394538
769630088
761422172
768554297
761079896
765457766
760232206
767348285
761830609
762822639
763394099
764371831
766847761
764253100
760704950
766355995
764972170
761686006
768695194
765924066
768322496
761748490
768430892
764638788
760547625
760491559
764048136
761740537
761643439
760182423
760086779
764479983
766950948
762754207
763394361
767938936
769553849
765911011
765438541
761422463
764968908
762502066
766306990
763767595
766143318
763223864
763774364
761560524
764886515
768048831
768887667
764533062
764561459
765845758
762023787
767176971
760819331
767739874
767754474
768604418
763643319
763507035
765187995
764794905
768391660
760101177
760384836
764915735
764950773
760915297
761354380
767129565
761433100
767660195
768468987
767063681
760873950
768591969
763770440
761731010
768989395
769115492
768912269
765688899
762304269
766453262
766244985
761306096
767152762
763620743
764359036
761392430
769122679
766704752
763249886
760229035
768843568
762305868
764775221
768551911
761330601
760285400
764401722
760254964
764915370
764483715
768064205
761729442
764775530
767630404
766938947
761549081
769382589
767276681
763196932
761362022
765909993
760085292
766119131
760943470
762264766
764276002
763475826
764005920
766783162
761411817
768324908
762053945
761444411
760187707
769967577
764690546
761982810
761845102
762189663
763442003
767682460
763541447
766945801
768705893
767002036
760006804
769832688
765244100
767353204
769873373
768454399
769232478
766113012
761552242
764595181
769986534
766098155
765335884
765701918
767222826
768585113
768693749
761430882
762683462
768909048
760110776
769491596
769739810
760430421
763503392
764763978
765652047
769961036
765446636
760168703
768687989
769789693
765733622
764106794
760518851
761942588
769666648
763657248
765497434
767469602
767928378

