745452953
745457226
745452800
745453601
745454482
745456798
745454714
745453822
745458455
745459409
745454616
745454070
745454046
745452672
745451442
745452996
745459031
745450239
745454269
745459585
745450473
745453532
745451774
745458858
745456088
745453988
745455424
745450667
745458924
745458807
745453977
745455292
745450240
745454542
745458629
745450945
745451634
745451592
745458208
745458939
745456924
745458603
745457578
745457124
745457360
745452043
745453121
745456535
745457715
745458111
745451032
745454774
745450378
745456534
745453486
745453873
745456770
745454399
745459333
745451448
745450507
745455154
745453734
745451401
745456428
745458769
745453525
745459124
745458616
745456058
745459402
745458582
745458605
745458553
745456536
745452263
745457263
745459219
745455795
745450250
745453644
745457227
745454240
745453543
745455543
745455701
745459310
745459412
745450330
745452627
745455972
745450958
745450277
745457248
745452107
745456853
745455261
745452161
745456465
745454882
745451693
745455021
745452078
745457440
745458371
745452299
745456074
745459458
745458080
745459875
745458361
745456870
745459832
745454565
745459259
745454402
745453276
745459093
745457279
745457591
745455651
745451506
745456217
745452830
745456363
745451958
745450246
745455989
745451139
745451019
745457509
745458710
745458746
745454247
745453606
745450241
745452882
745453980
745456432
745457841
745451593
745458232
745452767
745458170
745455237
745452687
745457608
745453652
745450575
745452933
745457074
745457463
745455792
745450150
745454652
745451741
745458906
745459322
745458810
745451854
745457669
745451900
745457137
745459494
745457645
745452801
745457070
745458538
745452676
745452677
745450386
745454366
745455224
745450722
745458028
745456686
745454174
745455189
745452749
745459556
745453326
745453089
745458124
745452336
745451793
745459392
745451777
745454905
745456172
745453278
745453084
745457540
745450136
745459805
745457475
745455778
745454949
745457219
745455836
745457574
745459110
745451091
745453656
745453863
745456324
745450405
745459619
745458325
745452495
745456041
745453157
745453029
745452685
745455013
745454085
745457381
745451675
745451865
745450411
745458916
745455371
745458544
745452378
745457834
745453484
745458110
745453900
745455768
745453176
745459755
745452498
745451549
745458749
745459425
745451726
745458205
745458954
745456997
745450367
745450537
745459713
745455411
745458032
745451389
745458023
745459662
745456537
745457728
745459340
745458150
745457053
745458706
745450973
745451335
745450929
745450139
745456977
745453916
745454043
745455968
745451545
745452202
745455479
745459463
745451596
745452779
745454457
745456638
745454624
745451307
745452812
745453447
745452681
745458221
745454944
745456468
745450075
745457160
745455033
745456038
745458514
745456151
745458506
745457624
745450994
745457582
745450572
745451504
745457865
745454665
745450320
745459667
745450591
745455503
745459326
745450784
745459724
745457768
745458541
745457319
745450686
745457343
745458928
745451497
745456440
745459479
745453220
745456049
745454758
745457479
745453839
745457982
745454921
745450606
745459505
745452678
745453763
745450038
745458818
745455936
745459464
745455803
745453666
745453902
745451416
745456780
745456299
745459203
745450272
745459234
745455524
745459813
745451822
745456937
745450387
745453098
745457956
745456841
745454487
745458109
745456204
745456249
745459091
745450832
745458680
745459768
745458160
745457392
745453892
745451571
745459954
745459388
745454560
745456708
745452840
745452919
745457272
745458667
745455799
745458533
745453151
745455563
745455162
745452506
745455122
745452152
745453812
745457933
745452446
745453024
745452921
745452321
745452163
745452143
745452300
745454259
745458339
745450808
745457980
745459436
745453211
745456629
745457903
745455639
745457245
745451275
745457751
745453273
745454463
745459433
745451847
745452602
745450361
745455406
745455308
745451012
745453229
745453226
745454202
745454213
745450066
745458290
745457228
745455064
745456207
745450003
745451250
745450905
745458585
745450466
745450263
745455028
745455619
745451423
745452629
745454036
745451950
745451552
745454828
745451808
745456850
745454161
745451209
745459308
745453225
745455806
745459785
745453283
745451232
745454715
745451919
745451428
745458461
745458887
745458594
745454171
745451658
745459717
745459439
745456503
745452925
745451230
745451376
745458761
745456760
745459582
745458876
745451718
745456645
745452068
745454594
745454702
745459364
745452158
745459536
745459530
745456436
745454374
745457731
745455522
745456727
745456186
745451967
745456385
745455198
745450195
745450775
745458971
745451527
745459625
745452962
745456721
745458889
745456683
745456145
745450995
745454188
745459150
745451222
745454088
745451074
745459555
745458097
745458345
745455958
745450456
745454627
745450882
745450260
745455846
745454600
745458551
745454496
745453245
745456116
745451728
745454734
745459897
745459940
745450163
745453793
745458622
745459978
745454661
745454803
745451653
745459681
745452012
745456833
745455321
745456902
745455657
745450311
745455825
745450653
745454834
745451518
745457958
745454562
745456341
745457925
745450083
745459250
745451171
745452272
745451210
745450763
745454073
745450242
745459719
745451542
745450273
745455447
745450558
745453360
745459378
745450782
745453180
745457143
745457758
745455389
745452851
745457059
745453937
745457315
745450501
745455365
745456443
745458140
745451936
745458938
745454764
745450761
745457721
745455483
745450601
745459776
745456288
745455036
745451594
745453497
745450202
745451214
745454020
745453754
745454393
745457005
745455072
745456773
745454615
745455859
745454306
745453247
745453830
745450366
745454167
745451931
745454952
745455644
745450111
745456225
745457779
745459904
745459471
745451998
745459694
745455272
745459693
745452150
745457655
745450371
745456347
745451841
745456867
745457086
745459286
745454243
745459214
745457411
745456689
745453625
745459597
745453648
745451702
745455417
745452496
745451986
745452049
745453147
745457165
745458608
745457397
745451030
745452280
745450834
745451403
745456551
745453808
745450123
745454985
745450005
745459614
745452181
745451801
745455971
745458779
745451193
745459676
745459789
745458357
745458243
745451630
745454574
745458988
745458251
745459315
745451819
745453263
745455708
745453436
745457357
745458943
745454800
745450662
745452756
745453022
745457293
745458824
745459003
745457879
745455909
745451360
745454543
745454789
745453240
745459488
745458799
745452355
745454258
745457085
745451447
745456155
745452343
745455746
745454809
745450827
745453745
745458114
745454961
745454700
745454186
745456765
745451265
745450689
745450811
745459397
745452284
745453789
745457723
745456084
745456575
745456598
745453920
745457110
745452759
745457413
745451763
745454868
745456156
745456161
745459743
745457028
745453182
745456871
745456214
745454848
745453417
745453714
745456235
745451989
745459868
745456472
745451168
745458503
745450797
745457987
745456461
745459379
745455094
745453875
745458834
745450376
745457073
745453008
745452746
745454469
745455314
745454781
745454229
745452784
745451370
745452599
745452055
745450701
745454225
745451457
745459797
745451319
745451581
745453424
745457598
745459089
745456547
745454722
745453481
745451337
745459071
745451162
745458282
745452959
745453727
745455851
745458864
745456111
745451631
745454892
745457102
745453227
745459837
745455317
745458101
745459153
745452647
745452634
745459886
745450904
745457193
745453464
745454491
745455776
745450253
745451475
745458861
745451342
745457146
745454193
745457430
745455633
745457199
745451088
745454740
745458929
745450266
745452588
745454566
745456447
745459692
745454721
745456834
745452001
745452689
745456605
745454147
745456675
745452232
745458717
745452802
745450849
745459645
745456840
745454170
745456959
745458795
745456034
745453284
745454866
745455616
745453386
745457024
745454883
745452414
745458499
745458532
745451338
745450336
745452480
745458577
745459656
745457620
745450147
745452990
745450888
745455600
745453449
745456131
745459239
745453420
745459563
745452122
745451825
745450117
745454300
745450643
745450090
745456703
745456332
745452823
745456811
745452643
745453725
745454290
745456758
745452184
745452417
745452418
745459925
745450461
745455870
745458195
745457847
745457744
745452973
745457710
745453973
745456317
745452827
745459796
745455211
745459633
745451988
745459258
745458048
745456154
745450322
745452975
745454555
745455995
745458711
745456080
745459316
745459057
745455234
745459871
745458217
745459611
745458025
745450540
745451971
745450145
745453906
745458513
745459566
745459609
745458074
745456016
745455997
745455420
745454410
745454709
745454249
745450567
745451990
745451882
745455200
745458848
745451464
745454486
745457084
745459196
745451241
745456283
745458565
745453421
745451300
745457706
745456063
745452884
745456423
745459465
745454404
745454706
745452874
745459705
745454065
745458621
745450786
745458083
745453471
745457170
745459874
745451485
745452187
745459280
745451002
745456261
745450604
745452324
745457929
745453114
745459306
745451067
745454946
745454880
745459319
745455081
745457203
745453772
745450825
745450778
745455143
745459123
745450218
745453984
745450347
745451439
745458204
745459354
745457031
745457026
745456360
745457727
745454614
745454759
745457781
745451782
745452978
745459481
745453385
745450088
745458898
745457032
745457845
745455761
745458809
745451995
745456538
745458647
745456272
745454419
745452086
745453286
745458962
745453171
745456844
745458662
745455595
745450649
745454684
745459516
745455052
745451625
745450372
745455125
745451604
745452128
745454200
745453602
745457866
745450024
745453667
745456237
745452274
745453372
745452511
745457935
745457583
745454241
745450188
745450399
745456984
745459054
745456898
745459192
745457239
745457009
745459539
745456704
745459966
745457522
745450255
745450767
745457926
745450307
745453538
745458567
745455274
745457087
745451218
745457313
745455786
745458207
745450729
745451405
745450990
745455571
745457804
745458348
745455176
745454708
745456837
745455088
745456135
745457094
745458105
745456766
745455560
745450842
745459741
745450229
745458049
745459958
745453636
745452317
745454825
745450740
745450646
745458163
745455787
745450233
745451887
745458077
745459021
745458214
745455829
745458058
745454783
745455201
745453924
745454980
745458673
745457835
745459994
745454955
745457002
745454720
745457993
745450851
745458569
745453809
745453888
745458729
745453091
745451922
745450073
745455577
745454021
745454584
745452247
745459132
745454390
745452185
745457451
745453845
745459143
745459419
745459798
745451926
745456753
745458607
745453356
745457419
745457497
745455991
745453231
745459373
745450916
745458304
745454536
745450739
745450094
745451935
745455085
745451528
745456912
745450171
745458390
745454312
745453670
745455965
745459514
745450350
745458038
745453588
745456395
745450759
745452024
745455959
745457730
745458052
745451152
745453529
745451119
745454668
745451479
745453288
745451213
745454499
745453196
745453663
745455270
745454427
745451722
745456555
745455910
745458592
745456127
745458917
745455735
745456762
745459707
745457072
745458537
745459769
745459201
745451903
745456434
745458733
745455144
745450269
745457679
745452679
745453703
745457378
745457553
745451908
745455040
745459839
745458702
745458846
745452239
745451033
745458571
745450611
745456946
745454430
745453387
745457433
745459695
745455212
745456030
745451835
745451302
745455243
745457471
745458790
745456176
745455172
745454210
745451661
745457806
745457560
745453013
745456479
745450495
745454135
745459041
745451539
745454293
745457666
745452936
745455507
745453401
745454152
745451238
745451124
745454635
745453467
745450471
745452565
745451723
745459135
745459282
745458215
745456338
745459952
745456122
745456256
745454900
745452690
745455625
745450062
745457323
745456153
745458707
745452928
745458531
745456489
745455248
745455146
745452785
745456220
745457019
745456532
745455950
745454816
745457617
745455802
745452373
745456265
745451003
745459169
745457155
745451054
745450978
745450637
745454677
745456609
745457361
745459878
745452019
745459070
745455564
745454415
745450388
745457734
745450799
745458997
745458782
745457908
745458813
745452312
745450323
745457083
745450081
745451695
745456748
745457390
745458133
745454788
745456191
745453838
745457590
745454211
745454969
745455478
745450897
745453374
745456259
745453444
745455320
745452969
745458439
745451467
745451147
745451028
745452856
745458933
745450948
745456424
745452584
745454669
745457631
745454648
745451750
745455383
745452020
745458869
745459680
745453540
745455440
745454145
745455980
745455534
745456173
745455178
745451496
745452516
745455107
745453140
745459560
745451812
745453400
745452518
745456921
745458373
745457213
745451063
745451211
745453384
745457516
745454583
745457445
745452000
745458281
745452075
745457317
745453047
745454601
745450981
745453509
745458231
745454723
745458343
745458015
745456967
745457162
745455255
745458213
745452135
745456199
745450861
745454063
745459766
745454784
745454710
745459146
745451917
745455827
745452763
745456751
745456905
745459903
745454373
745455238
745459218
745456695
745452138
745455469
745453732
745454485
745458877
745455866
745451809
745451615
745458512
745457220
745457130
745452069
745454369
745455275
745456356
745454914
745451863
745450440
745455038
745457444
745455528
745452891
745456193
745452155
745458635
745450454
745455890
745453919
745456630
745458117
745459221
745459396
745454897
745458055
745454585
745458745
745456560
745459271
745457435
745455976
745457163
745450680
745452082
745454639
745452932
745451857
745451692
745459059
745459160
745452573
745458370
745458430
745450419
745451382
745453815
745455000
745450059
745457991
745455861
745455782
745459382
745450949
745454588
745458859
745452668
745452156
745455967
745458321
745450817
745454660
745451268
745452315
745454101
745456861
745456733
745458289
745453026
745456549
745459000
745453492
745451997
745453658
745452432
745456167
745450781
745451708
745452989
745451713
745450451
745454729
745458781
745450872
745459386
745451643
745456923
745456157
745454937
745455356
745452050
745458094
745454451
745454620
745453934
745458103
745455742
745454045
745458220
745455337
745453758
745459489
745459873
745458176
745454858
745450671
745457285
745453461
745455031
745459895
745450725
745452044
745459472
745453040
745453429
745455329
745455392
745457896
745454795
745456110
745453378
745455841
745450169
745455680
745452828
745458033
745459648
745457354
745454216
745453510
745453152
745455917
745456993
745451081
745454719
745453594
745458719
745453687
745456298
745457047
745452545
745458021
745457427
745451331
745452535
745451372
745456881
745459451
745453088
745458272
745456830
745450972
745454581
745454321
745458367
745453604
