988091007
988091926
988092080
988092106
988092862
988091390
988092817
988092385
988090986
988091191
988092779
988092746
988092563
988091901
988092782
988091047
988092071
988092324
988092325
988091371
988091710
988092209
988092761
988091173
988091590
988091340
988092588
988091992
988092187
988092423
988091994
988092042
988091878
988092199
988091809
988092474
988092050
988091906
988091306
988092500
988092336
988091040
988091571
988091704
988092829
988092576
988091102
988091955
988092861
988092314
988091628
988090862
988091619
988092773
988092177
988092038
988091135
988091424
988091793
988091779
988092140
988091694
988092836
988091478
988092490
988091354
988091408
988091998
988091057
988091758
988092498
988091407
988091130
988092068
988091235
988092512
988092533
988092298
988091241
988091966
988091136
988091601
988091631
988092454
988092397
988092259
988091833
988091643
988092407
988091544
988091682
988092647
988092534
988091960
988091652
988091595
988092160
988092016
988092698
988092355
