1261070160
1261070541
1261070737
1261070916
1261070958
1261070969
1261071019
1261071090
1261071143
1261071173
1261071225
1261071269
1261071393
1261071439
1261071491
1261071497
1261071515
1261071581
1261071620
1261071667
1261071696
1261071877
1261071948
1261071974
1261072180
1261072320
1261072494
1261072565
1261072603
1261072710
1261072752
1261072912
1261073059
1261073066
1261073294
1261073299
1261073530
1261073577
1261073592
1261073722
1261073768
1261073785
1261074201
1261074363
1261074374
1261074477
1261074644
1261074803
1261074831
1261074947
1261075015
1261075051
1261075442
1261075673
1261075701
1261075736
1261075737
1261075745
1261075749
1261075874
1261075965
1261076084
1261076158
1261076232
1261076419
1261076569
1261076677
1261076701
1261076798
1261077067
1261077142
1261077395
1261077399
1261077428
1261077460
1261077480
1261077509
1261077588
1261077777
1261077827
1261077829
1261078023
1261078116
1261078150
1261078260
1261078336
1261078753
1261078869
1261078907
1261079283
1261079285
1261079288
1261079301
1261079398
1261079468
1261079532
1261079566
1261079758
1261079853
1261079990
