303657261  
303658972  
303656021  
303653019  
303651713  
303658501  
303656969  
303658350  
303658677  
303650720  
303651525  
303656680  
303659472  
303650955  
303652203  
303657599  
303651148  
303652700  
303653339  
303653432  
303655619  
303655792  
303653366  
303653255  
303650818  
303651163  
303651434  
303657850  
303656776  
303659173  
303653777  
303653064  
303653381  
303652855  
303658477  
303655063  
303653813  
303659252  
303657368  
303654482  
303652876  
303658914  
303650374  
303657390  
303651302  
303656835  
303657873  
303653369  
303651015  
303656689  
303655781  
303651697  
303659461  
303655065  
303657844  
303650905  
303655228  
303652360  
303658339  
303657914  
303658436  
303655793  
303651181  
303656829  
303652609  
303656088  
303652172  
303654336  
303657512  
303659166  
303654536  
303654144  
303653984  
303659890  
303653372  
303656470  
303655513  
303655139  
303651839  
303653826  
303652636  
303658470  
303651445  
303659481  
303657753  
303654342  
303659875  
303657700  
303659784  
303658925  
303654744  
303650131  
303653631  
303653913  
303654749  
303652070  
303650365  
303655767  
303656037  
