723950032
723950042
723950087
723950106
723950107
723950116
723950134
723950142
723950151
723950163
723950172
723950173
723950193
723950218
723950226
723950235
723950241
723950260
723950262
723950276
723950290
723950294
723950297
723950302
723950303
723950314
723950317
723950366
723950367
723950369
723950374
723950377
723950384
723950405
723950435
723950443
723950446
723950456
723950470
723950471
723950488
723950492
723950507
723950515
723950526
723950529
723950538
723950553
723950560
723950569
723950579
723950587
723950602
723950606
723950628
723950637
723950658
723950663
723950671
723950678
723950685
723950688
723950691
723950699
723950709
723950715
723950716
723950718
723950735
723950737
723950741
723950752
723950774
723950782
723950799
723950812
723950813
723950816
723950826
723950827
723950829
723950856
723950858
723950868
723950892
723950897
723950898
723950900
723950910
723950911
723950913
723950922
723950926
723950936
723950941
723950947
723950949
723950956
723950958
723950961
723950968
723950971
723950986
723950996
723951003
723951009
723951023
723951026
723951040
723951049
723951051
723951054
723951065
723951083
723951088
723951091
723951095
723951116
723951120
723951140
723951173
723951174
723951191
723951192
723951200
723951207
723951210
723951229
723951250
723951253
723951255
723951277
723951288
723951339
723951344
723951346
723951354
723951355
723951357
723951364
723951372
723951400
723951407
723951431
723951437
723951463
723951465
723951467
723951473
723951478
723951485
723951499
723951502
723951503
723951511
723951514
723951523
723951562
723951572
723951578
723951580
723951606
723951611
723951638
723951650
723951665
723951667
723951673
723951674
723951676
723951698
723951703
723951706
723951719
723951731
723951750
723951761
723951768
723951771
723951775
723951799
723951803
723951829
723951839
723951849
723951866
723951867
723951887
723951906
723951923
723951938
723951957
723951987
723951988
723951995
723951998
723952002
723952013
723952017
723952026
723952033
723952037
723952038
723952039
723952046
723952075
723952086
723952087
723952092
723952107
723952131
723952139
723952140
723952143
723952156
723952170
723952174
723952179
723952182
723952194
723952211
723952219
723952245
723952247
723952248
723952249
723952284
723952287
723952295
723952301
723952312
723952331
723952337
723952342
723952359
723952371
723952388
723952392
723952394
723952416
723952422
723952431
723952435
723952443
723952457
723952458
723952461
723952471
723952474
723952477
723952478
723952486
723952497
723952499
723952501
723952506
723952522
723952530
723952555
723952557
723952567
723952573
723952577
723952582
723952585
723952601
723952616
723952628
723952629
723952644
723952653
723952661
723952667
723952697
723952712
723952718
723952731
723952741
723952747
723952751
723952752
723952768
723952801
723952806
723952808
723952813
723952818
723952822
723952827
723952832
723952836
723952837
723952840
723952857
723952861
723952867
723952873
723952875
723952876
723952907
723952915
723952927
723952947
723953011
723953017
723953018
723953023
723953026
723953032
723953056
723953059
723953064
723953067
723953072
723953073
723953076
723953087
723953091
723953099
723953105
723953116
723953126
723953128
723953135
723953149
723953152
723953156
723953182
723953183
723953191
723953195
723953197
723953212
723953218
723953229
723953232
723953253
723953261
723953271
723953272
723953280
723953288
723953315
723953321
723953328
723953329
723953343
723953366
723953379
723953382
723953388
723953389
723953409
723953435
723953440
723953466
723953473
723953482
723953490
723953500
723953501
723953510
723953515
723953553
723953565
723953575
723953576
723953591
723953592
723953599
723953610
723953617
723953631
723953634
723953642
723953646
723953651
723953655
723953656
723953672
723953673
723953682
723953703
723953716
723953740
723953758
723953788
723953799
723953803
723953831
723953834
723953843
723953856
723953877
723953881
723953883
723953886
723953888
723953916
723953929
723953937
723953938
723953946
723953952
723953959
723953960
723953991
723953997
723954003
723954025
723954026
723954028
723954035
723954037
723954055
723954070
723954082
723954106
723954117
723954129
723954148
723954153
723954163
723954194
723954198
723954203
723954209
723954224
723954228
723954238
723954244
723954245
723954249
723954251
723954259
723954261
723954269
723954283
723954284
723954287
723954288
723954296
723954303
723954310
723954321
723954349
723954358
723954359
723954362
723954371
723954399
723954411
723954415
723954424
723954428
723954432
723954438
723954494
723954504
723954506
723954514
723954515
723954535
723954580
723954584
723954589
723954590
723954602
723954621
723954626
723954627
723954638
723954641
723954650
723954669
723954670
723954677
723954685
723954689
723954703
723954716
723954731
723954747
723954750
723954772
723954783
723954785
723954787
723954794
723954797
723954829
723954857
723954858
723954882
723954891
723954901
723954904
723954905
723954917
723954923
