750709942
757018573
752474614
752896528
752314267
757708623
756140094
753036786
758254065
754502125
750694466
756695253
759326711
759611761
752194330
756255700
754504327
753910697
753512785
751474595
751520751
756037643
757647072
751827855
758052856
759705164
752210304
758706284
757303625
752608464
751361160
752270793
756178579
757852547
757937949
757452370
751857003
759948498
754959548
757207614
752165019
752653203
753281278
754901556
757253800
754336223
759330529
754048243
755039898
756582791
757573228
755175697
756265137
758357073
757465799
754117071
756937060
752067809
752257772
756721379
759537904
750579005
757814684
755698626
753870687
756397839
750774409
758504157
754081420
759612620
752461057
752331816
754681453
752880477
759595236
754327428
751338560
756265736
757643788
759148608
750755636
754245785
756108550
751686277
750350602
756491298
754529497
754429563
757523870
755428493
759431523
753980731
757380408
756953679
753653874
751021469
752632068
757019576
750464238
753195601
