768084701
761433100
763772447
762626932
765415934
769469778
769859249
766951531
765335164
761362022
764359036
761373050
769202623
768455508
769994538
768376072
766500873
768750912
766464891
763428250
761672879
764763682
761184649
761646641
766227252
763565845
765131712
760367960
766284357
767441885
762614747
769589168
767198580
761549081
761079896
764915735
762110404
768346623
766296996
766070145
766333026
769520921
764768287
761594985
766448706
760274696
764730794
763939676
763218071
765403711
767264110
769543765
768484766
760215612
761701553
766945801
762674809
769044480
767083790
763902704
765791787
760564589
767587504
764464742
760411851
761931956
763714368
763503392
767851501
768378364
767399153
769680679
765909993
765924367
762833621
768985898
766113012
767361174
769219492
765382741
766088982
765353730
769134506
762229790
767222826
761092449
766585114
760919696
767378734
766649667
766758081
760394538
765733765
762998471
761306096
767276681
769448697
761821966
762203373
765637287
761220468
762379230
768052037
764964297
764414062
765525403
762788082
765201446
769625508
767846227
766068207
767010938
764197337
761918274
761631237
761309374
762410522
760508958
762792894
765221859
761407624
764185475
761162019
766867172
768447621
769139326
762436665
767609178
769889568
761545651
764552081
760640613
766491422
763948013
760436974
769263206
766694440
767334758
765120550
765222767
762086030
768080852
761560524
764657347
768887667
761834821
766556038
768889555
764915205
764858656
764327089
761055582
763774032
764253100
763048022
764355903
763926504
760461106
763223864
763628997
760406842
760973083
764763978
760726970
762266531
765121419
761610538
766386296
768551911
768290192
768542692
763481791
760863310
762161974
761241232
763507035
764240057
764872353
765560948
768380802
760828361
765525860
763811229
762662008
767116530
769452618
769986534
767431436
760053221
767152762
766306990
766841253
760463115
760915297
760447410
769264344
763011033
765292282
761887383
760041528
762625125
763036034
760207975
768731440
760880143
762918377
762738792
767507195
765284420
769240778
763960009
769377812
763034382
760975998
765058361
766749929
764176419
768509241
767647523
763902453
766299073
763905737
760085556
762173409
769234107
760814517
768948279
760085292
761700913
761597852
762264614
764886648
762650018
769788814
766854689
767949691
768566950
761371422
760267604
769697856
763721662
763911185
763941576
763887272
760029200
769988930
761881769
763386172
766938947
765442633
764908395
769242381
765552954
766658933
763015362
769359551
765438541
766221779
764043981
769081806
766468476
760457088
769622137
768826480
766726281
764968908
760182423
760271367
761043287
764979274
763229080
764915370
765400273
765968025
769082409
769896354
768468987
766781840
764048136
768896912
765716146
765257611
765862715
769961036
766098155
765178170
769540839
767736728
762289824
763475826
762971930
768530344
769633916
768855312
765582159
766576624
760767496
769553849
767663090
763009613
761975272
761093848
760899121
766464338
769700380
764533062
762180972
766778383
765309899
762578817
766150168
767432946
763910529
764103670
764847474
769716957
766530339
767734985
760271969
767433471
762375077
767710388
768024693
765284056
769334535
764148972
764775530
762689407
764968708
761643439
762666398
768404856
761643073
764403264
766070489
760892060
763766211
763611675
767348285
762872701
764290165
769954209
767191836
764561459
761606020
764749469
768627665
764005070
764466043
763251913
763635753
769630088
761186300
769761252
765433334
769080803
767469602
768525589
768837257
762863422
760753859
765245731
766990905
767401811
764283485
764106794
765335884
762061240
766554188
765181438
761002542
765332817
764639073
767333591
760285400
761225252
768693749
768381686
767456038
769273423
768238080
767229485
767660195
767576296
760764127
766002043
760544050
765673211
761016601
768300565
768935752
769071665
762683462
765250255
760107652
763076061
768648896
762387266
765806491
766369262
762988662
763388761
765906648
767226483
764426600
764595181
760352839
769584090
766820566
762039734
769666362
764687648
761778669
763371673
764909299
763505595
764586061
766305145
768695194
768419011
763332598
761485733
762012288
764839427
764141931
761729442
769721296
762853067
762177406
767859976
762741125
764907308
767877136
769763851
761140052
768693460
763036793
765066725
768668429
767408464
761705617
767344946
766217037
767198746
760792354
764387250
762685052
769789693
761459593
765710252
762849201
768931079
761101946
768912269
761794924
760434690
762298201
765337382
764235351
766237969
767002036
764570904
764417374
763427105
766061287
761302310
765289141
761763762
767144473
768327496
768748227
761307542
766953363
763151456
762104752
764346623
761533476
768804916
765522757
768319260
765688165
767883412
765985954
763045284
761716031
765356409
762379181
762425605
768264929
760554428
760600309
767089290
769377486
768185122
763229672
763952729
769318425
760101177
764339476
760970515
