58991984
58997497
58998421
58995965
58990534
58994843
58993770
58990014
58992122
58993261
58995936
58995737
58993447
58998395
58999127
58992863
58997660
58990389
58991057
58995931
58998786
58999974
58993405
58997907
58990641
58998519
58993572
58997462
58991952
58999548
58992691
58995812
58991712
58999367
58999827
58992480
58997038
58999119
58996525
58996473
58993162
58992810
58992677
58999213
58993085
58996668
58995400
58990058
58997133
58994860
58994816
58994773
58998743
58997976
58994175
58996570
58999582
58995561
58991576
58995848
58995402
58994929
58990545
58999177
58995440
58992693
58995514
58992389
58999174
58992814
58997026
58999979
58995569
58993079
58999578
58990830
58998122
58992979
58995664
58999325
58995810
58999176
58998852
58996710
58998083
58997181
58994828
58997286
58995427
58997146
58992475
58992935
58993012
58997895
58992442
58994004
58991247
58994743
58994285
58995797
