1264675254
1264676592
1264676280
1264676150
1264676090
1264675882
1264675812
1264675713
1264675628
1264675533
1264675455
1264675413
1264675407
1264677138
1264675185
1264675132
1264675015
1264675011
1264674917
1264674824
1264674798
1264674699
1264674521
1264674354
1264674288
1264678707
1264679948
1264679604
1264679583
1264679399
1264679393
1264679377
1264679327
1264679286
1264679279
1264679224
1264679102
1264679038
1264674279
1264678508
1264678489
1264678091
1264678026
1264677999
1264677913
1264677571
1264677331
1264677315
1264677199
1264677141
1264671113
1264672189
1264672134
1264671973
1264671678
1264671672
1264671545
1264671484
1264671455
1264671341
1264671289
1264671263
1264671125
1264672224
1264670932
1264670903
1264670691
1264670689
1264670404
1264670310
1264670297
1264670201
1264670132
1264670128
1264670052
1264673090
1264674269
1264674128
1264674122
1264673959
1264673465
1264673307
1264673301
1264673292
1264673171
1264673135
1264673130
1264673106
1264670032
1264672947
1264672869
1264672861
1264672802
1264672783
1264672776
1264672745
1264672692
1264672558
1264672333
1264672309
