763470274
769885632
767591072
761868932
764735276
763087516
762214497
760317206
767611411
764552672
768439188
764112617
768663668
766853320
760660267
760461842
769913334
763544032
769082022
767602670
766775363
765967674
768411274
766653114
769582284
767021069
763016507
765059422
760579812
768007818
766558904
761747036
760741702
763099921
761862936
763019545
769672000
769803899
766346929
760214083
768048407
769312645
762328827
763578305
761330103
763697903
768789016
762078480
762069023
765124386
760985181
767863190
769814450
762034180
768384521
768949881
767651267
769667348
762604496
762096178
762688129
769411455
764745378
761474008
768925322
768027857
769661250
763116230
765529890
769376314
764496473
763666180
760153301
768269481
765043327
767975811
763011484
767661212
769143681
768591377
764261492
767143442
765000725
765881062
766574569
763465701
768922634
762437259
762915608
769659790
767751372
763265901
762806850
760957627
762579895
764797275
768638779
767916965
763706417
763303943
762813442
764785966
760461566
768906300
764767375
761885047
766070999
767776022
766797927
763688426
768067881
761302875
765289582
761321453
764539005
766899090
761744043
762832093
763601469
767885733
763862033
761302840
764224564
766329680
768637020
766064985
760273914
764986560
762515410
761423823
769743423
761193385
769412952
769229233
764701833
767149455
761913926
767408375
760102062
761043660
769961562
760843239
766242879
761956138
762664075
764709839
762178216
768795997
768654799
765882559
763994091
768481814
765127197
763696642
760853048
766415731
760043100
767105600
765345867
765365152
768884978
767428469
763431515
767426713
762102637
760808211
764107088
769407023
767618354
769697206
766489181
766200235
764208070
769064450
762768898
768114116
764118601
765305590
768040941
769431932
762461301
762678015
768202312
763701794
761312949
769513108
766927158
761113302
768978983
769169977
768261634
764501955
763811971
761825990
764545235
761095628
767347167
769295789
760952228
765778626
761341113
768261819
769737583
761251320
763416290
762850493
764483191
761287353
764426989
767134370
765331713
766603883
767713253
761067439
765935294
762882252
768807852
767962452
765792550
766381061
764036363
760207430
764161230
769943623
761857687
763609584
765345035
766944134
762667168
766710140
766412063
763136757
769268021
762964647
768539979
769940568
760427170
760533120
763754741
764847977
767491592
769174120
762755131
760729023
761207908
769220400
768123058
768018880
768178465
767939881
766181699
767319959
764106405
768747772
764211187
767546791
765799294
768492615
767791007
761245241
764726940
769623192
760808868
761876422
766446107
764649230
767422641
766628481
769882254
763760228
768422749
766708050
767243258
760845657
768096503
768693401
767905426
761536732
765587792
766997858
766406098
760489155
763266938
766699215
760486247
766399133
763265293
768637653
760085384
767308181
762413188
768583995
769320651
764921119
766501160
768824330
768473137
761404115
767606618
769733435
769649956
762970483
763056912
762105223
762731219
762032411
762312450
769160064
763748994
763045131
768786187
765240354
760406141
767515517
763028851
766127199
760901154
764384273
763028440
766552613
762763429
769947106
766493983
761182604
760954457
760293730
763193205
769811748
762661814
760202320
760132486
763598095
760995130
767550349
769020307
763767559
763528297
766406008
763839308
765554053
763821170
767946882
767264945
765933739
762105599
765740831
766003085
766036235
763708782
764879566
762290480
763064353
762360147
761441913
768236404
763048953
766060671
764187586
768656169
765306485
769074171
764175842
768245356
760075069
765324527
767111837
768519379
767263393
761616361
760975331
768469950
769100828
760259333
768396751
768991092
768521142
762097076
761896363
767567169
768141888
765177593
765719797
760821741
769790874
768874825
760873200
761665737
763998094
763832126
766837107
766273944
766394719
765753035
766971211
766535310
762228710
761027122
764824111
766672684
765473427
769883365
765582358
765973041
761966630
768590400
763667651
760821344
760477653
760904870
768124186
763104778
769020797
762257283
762067045
769612847
761978214
768861407
769106790
765960279
766233328
761513439
763288114
769643585
767520999
766705113
766421362
764880917
760172642
769301281
768855088
761742991
763311577
766794879
762651033
760715116
767575713
766508853
767616295
761618509
768600737
768225542
762337591
764217735
761747346
761462575
766941455
764349222
766566154
766057364
766567407
766872847
761282487
760543201
766966793
763699537
765332495
768446271
763407346
763765788
765521749
767518162
764979938
764322828
764993298
766725355
767042293
763321788
763667512
763898751
767123652
762158711
766433049
763669533
768333275
765642381
761123085
761192081
763858303
762311087
761371739
763147372
762235794
764117402
764393478
763593758
768330057
761208213
763533844
768281095
767239659
763014875
760551629
769693245
761808274
764610233
761424130
763060430
763101514
760992428
767902038
