1260556427
1260557232
1260557208
1260557141
1260556726
1260556713
1260556686
1260556685
1260556673
1260556583
1260556574
1260556572
1260556462
1260557316
1260556257
1260556224
1260555815
1260555661
1260555511
1260555507
1260555450
1260555407
1260555366
1260555218
1260555053
1260559178
1260559949
1260559899
1260559787
1260559692
1260559583
1260559553
1260559497
1260559485
1260559447
1260559253
1260559235
1260559223
1260554947
1260559134
1260559080
1260558421
1260558255
1260558175
1260558075
1260557934
1260557931
1260557702
1260557675
1260557612
1260551342
1260552466
1260552422
1260552227
1260552155
1260552055
1260552051
1260551927
1260551668
1260551624
1260551613
1260551446
1260551430
1260552588
1260551165
1260551061
1260550989
1260550783
1260550752
1260550741
1260550730
1260550552
1260550247
1260550208
1260550140
1260553866
1260554797
1260554790
1260554767
1260554751
1260554492
1260554474
1260554444
1260554344
1260554294
1260554073
1260554034
1260553972
1260550041
1260553562
1260553522
1260553392
1260553386
1260553345
1260553331
1260553292
1260553122
1260552930
1260552837
1260552741
