776903705
776903453
776903448
776903686
776903441
776903431
776903452
776903429
776906230
776905108
776900100
776900001
776900200
776900101
776900300
776900002
776900201
776900102
776900003
776900301
776900202
776900103
776900302
776900203
776900004
776900104
776900005
776900105
776900204
776900303
776900006
776900500
776900106
776900304
776900400
776900007
776900205
776900501
776900305
776900107
776900008
776900401
776900306
776900502
776900206
776900108
776900009
776900503
776900307
776900207
776900402
776900109
776900600
776900010
776900308
776900208
776900110
776900403
776900504
776900601
776900309
776900700
776900209
776900011
776900404
776900602
776900111
776900505
776900310
776900701
776900112
776900405
776900012
776900506
776900210
776900603
776900702
776900113
776900311
776900211
776900013
776900507
776900406
776900604
776900703
776900312
776900114
776900212
776900014
776900605
776900407
776900508
776900704
776900313
776900015
776900213
776900408
776900115
776900606
776900509
