101870737
119026930
117596835
108599229
105959108
112134865
117784931
101288594
119556245
106256167
124329103
112280216
109914121
121542021
127456663
120663408
129561582
110982992
111724646
125983208
123915062
114428555
129366766
125021307
101251117
101758623
104272996
114226814
100281099
101763922
126381694
118032402
125211408
123991899
123810505
114475260
103876364
121029100
100138562
120757928
101078941
114479908
121296541
101912490
108399251
102358708
125160241
120749885
120272822
104290237
100759424
127873496
119451063
111711291
125796519
119165989
126817237
100083271
100797613
108022839
114274697
114310169
112452259
114555409
125798860
105777935
113186705
108341314
106654577
125792795
103253712
115828481
110168155
106918623
113072931
104893987
123289093
111218889
118093566
125048954
102694863
102199603
125012327
123210900
116376597
107517019
101792523
103225298
104224107
127688996
113944585
127387059
123849939
113919267
116162439
112971038
112047653
102235058
110783739
111112088
126678373
114237766
110839828
124126510
123339920
101469483
125057178
106231565
107996068
117558099
128698498
120716125
114472018
105465166
109569084
111278369
114581318
107512895
123382097
101833985
108497475
107983984
108949518
129460830
108346371
122474904
109911421
119427718
110296351
112784409
106060909
114688067
115683953
114041550
101961949
114033890
106912244
107038040
116978769
108610230
127867050
106698169
101525849
125559487
121030655
114267279
104293038
122618085
118089541
100795178
117687946
100548375
126866227
101396231
121037588
125080634
106073584
124076829
110193402
106970497
114254184
105986862
109969605
129494696
108731697
109486563
119430383
114476562
112083896
129970288
105044291
112944868
110163393
116919531
106024081
101617485
129071470
122215332
113942957
125096526
122048381
124442537
101428785
103211537
108719868
108422595
109913737
129583550
111330924
114244464
122740906
106027125
109375290
110860851
123335725
112698477
115834780
101312617
108478401
110986004
