901040004  
901040005  
901040007  
901040008  
901040011  
901040012  
901040014  
901040015  
901040016  
901040017  
901040019  
901040022  
901040023  
901040024  
901040025  
901040026  
901040028  
901040029  
901040030  
901040031  
901040033  
901040035  
901040039  
901040040  
901040041  
901040043  
901040044  
901040045  
901040046  
901040049  
901040057  
901040058  
901040061  
901040063  
901040066  
901040067  
901040069  
901040070  
901040074  
901040076  
901040078  
901040081  
901040085  
901040086  
901040088  
901040090  
901040092  
901040094  
901040095  
901040096  
901040099  
901040105  
901040107  
901040113  
901040116  
901040117  
901040118  
901040125  
901040127  
901040130  
901040132  
901040135  
901040136  
901040139  
901040140  
901040144  
901040147  
901040150  
901040153  
901040158  
901040165  
901040168  
901040171  
901040172  
901040178  
901040179  
901040180  
901040182  
901040183  
901040184  
901040185  
901040188  
901040189  
901040191  
901040193  
901040194  
901040198  
901040200  
901040201  
901040202  
901040204  
901040208  
901040210  
901040213  
901040214  
901040216  
901040217  
901040218  
901040224  
901040225  
