323381444
327242635
760207245
322809733
763630906
328602322
761073595
321046845
328078468
766246476
326169112
324365270
765554524
323952606
325738371
763220330
762760540
765870317
321659841
761758727
768513204
322100029
323495808
768513226
760207228
329369257
768104120
765864573
320095059
767053475
766871473
767243229
329512817
764459531
324171625
763193122
329516945
323016321
325554733
321208662
321857871
322018774
321046803
326285443
768408528
763028954
322007429
327933790
328483963
769061898
760290115
761881415
320606648
323956814
765870373
761512922
323075941
765068450
328483978
760188077
322520105
328078432
768401855
767153770
322575732
768513262
321411614
326834899
767545105
767140327
767487791
323293566
761895121
329966571
325723245
762987595
763193109
762493704
765930118
320095009
769727455
322165106
323321107
766006213
320080123
761763097
321415188
769613609
764789907
761161710
324970107
762519084
324693955
322809742
762986788
323610672
325624602
328166093
328960346
766996825
