1260950003
1260950007
1260950012
1260950023
1260950024
1260950029
1260950042
1260950044
1260950054
1260950057
1260950059
1260950062
1260950065
1260950071
1260950072
1260950074
1260950089
1260950095
1260950104
1260950108
1260950133
1260950140
1260950141
1260950143
1260950144
1260950145
1260950159
1260950161
1260950196
1260950202
1260950210
1260950213
1260950221
1260950222
1260950235
1260950257
1260950267
1260950278
1260950282
1260950291
1260950295
1260950303
1260950308
1260950309
1260950354
1260950375
1260950390
1260950425
1260950429
1260950430
1260950431
1260950437
1260950439
1260950449
1260950456
1260950477
1260950487
1260950495
1260950500
1260950505
1260950522
1260950531
1260950535
1260950539
1260950565
1260950568
1260950579
1260950583
1260950587
1260950588
1260950589
1260950597
1260950597
1260950599
1260950611
1260950613
1260950618
1260950620
1260950621
1260950630
1260950639
1260950641
1260950653
1260950657
1260950662
1260950670
1260950671
1260950676
1260950680
1260950693
1260950701
1260950713
1260950718
1260950728
1260950732
1260950739
1260950753
1260950754
1260950755
1260950777
1260950784
1260950785
1260950794
1260950799
1260950805
1260950819
1260950832
1260950838
1260950849
1260950853
1260950870
1260950876
1260950889
1260950907
1260950911
1260950914
1260950918
1260950924
1260950927
1260950935
1260950940
1260950951
1260950975
1260950989
1260950996
1260950997
1260950999
1260951031
1260951032
1260951048
1260951057
1260951063
1260951067
1260951091
1260951101
1260951105
1260951114
1260951116
1260951137
1260951138
1260951160
1260951171
1260951173
1260951180
1260951188
1260951199
1260951200
1260951207
1260951219
1260951227
1260951245
1260951275
1260951304
1260951309
1260951311
1260951312
1260951335
1260951341
1260951356
1260951359
1260951364
1260951379
1260951383
1260951384
1260951389
1260951390
1260951399
1260951400
1260951415
1260951419
1260951436
1260951441
1260951449
1260951453
1260951465
1260951473
1260951488
1260951489
1260951494
1260951522
1260951526
1260951527
1260951540
1260951543
1260951551
1260951552
1260951556
1260951560
1260951564
1260951567
1260951573
1260951576
1260951582
1260951618
1260951621
1260951623
1260951632
1260951648
1260951668
1260951691
1260951695
1260951701
1260951706
1260951715
1260951719
1260951720
1260951740
1260951742
1260951753
1260951763
1260951772
1260951778
1260951779
1260951790
1260951807
1260951813
1260951825
1260951828
1260951837
1260951845
1260951847
1260951850
1260951861
1260951879
1260951891
1260951903
1260951905
1260951906
1260951922
1260951925
1260951931
1260951940
1260951951
1260951964
1260951975
1260951987
1260951994
1260952001
1260952010
1260952022
1260952031
1260952032
1260952041
1260952044
1260952052
1260952067
1260952068
1260952076
1260952085
1260952094
1260952109
1260952114
1260952117
1260952118
1260952121
1260952154
1260952164
1260952172
1260952174
1260952178
1260952183
1260952188
1260952202
1260952204
1260952208
1260952210
1260952212
1260952230
1260952235
1260952236
1260952260
1260952263
1260952269
1260952272
1260952281
1260952300
1260952316
1260952348
1260952349
1260952357
1260952358
1260952362
1260952366
1260952374
1260952378
1260952379
1260952385
1260952387
1260952399
1260952410
1260952412
1260952416
1260952426
1260952454
1260952460
1260952465
1260952473
1260952490
1260952505
1260952541
1260952543
1260952547
1260952552
1260952563
1260952581
1260952592
1260952599
1260952600
1260952603
1260952616
1260952617
1260952626
1260952657
1260952677
1260952684
1260952705
1260952713
1260952721
1260952752
1260952758
1260952761
1260952764
1260952766
1260952784
1260952785
1260952797
1260952799
1260952800
1260952802
1260952817
1260952824
1260952828
1260952837
1260952843
1260952852
1260952864
1260952876
1260952880
1260952884
1260952892
1260952900
1260952906
1260952911
1260952918
1260952930
1260952935
1260952937
1260952951
1260952965
1260953000
1260953004
1260953005
1260953009
1260953015
1260953019
1260953026
1260953032
1260953049
1260953053
1260953056
1260953063
1260953072
1260953079
1260953082
1260953105
1260953113
1260953114
1260953118
1260953124
1260953140
1260953174
1260953210
1260953211
1260953214
1260953216
1260953218
1260953226
1260953234
1260953267
1260953269
1260953271
1260953281
1260953286
1260953297
1260953314
1260953340
1260953352
1260953357
1260953358
1260953360
1260953365
1260953377
1260953378
1260953379
1260953392
1260953436
1260953447
1260953457
1260953459
1260953467
1260953473
1260953475
1260953487
1260953496
1260953507
1260953517
1260953554
1260953555
1260953560
1260953564
1260953566
1260953589
1260953593
1260953612
1260953619
1260953626
1260953648
1260953650
1260953651
1260953658
1260953662
1260953674
1260953690
1260953702
1260953703
1260953711
1260953720
1260953727
1260953731
1260953741
1260953745
1260953751
1260953754
1260953769
1260953797
1260953815
1260953818
1260953821
1260953855
1260953859
1260953890
1260953908
1260953924
1260953930
1260953944
1260953945
1260953949
1260953953
1260953957
1260953964
1260953969
1260953984
1260953985
1260953989
1260954008
1260954014
1260954021
1260954025
1260954033
1260954038
1260954044
1260954046
1260954064
1260954079
1260954081
1260954087
1260954090
1260954092
1260954101
1260954107
1260954109
1260954114
1260954124
1260954128
1260954130
1260954132
1260954134
1260954135
1260954166
1260954178
1260954179
1260954185
1260954187
1260954190
1260954207
1260954233
1260954248
1260954249
1260954254
1260954274
1260954279
1260954290
1260954300
1260954301
1260954311
1260954344
1260954348
1260954353
1260954367
1260954384
