79936724
79933781
79931105
79931274
79936678
79936179
79930092
79938752
79932041
79930413
79933843
79933058
79931321
79935888
79938213
79937351
79933565
79939675
79930844
79935448
79930065
79932964
79936354
79932132
79937341
79936959
79930447
79931846
79931275
79938027
79939750
79938124
79938666
79936780
79937216
79936177
79933092
79938950
79935931
79932391
79938816
79936190
79938058
79930881
79939037
79935470
79938652
79936730
79938377
79936852
79937680
79934792
79938894
79934627
79937687
79931979
79935793
79931910
79939176
79938230
79933422
79935484
79936636
79934956
79939158
79932234
79931188
79933827
79934333
79937613
79930080
79938006
79934206
79934857
79933990
79931908
79933883
79936715
79936416
79934394
79934266
79939923
79936565
79938486
79935861
79934479
79937360
79931565
79937409
79930232
79939281
79931794
79933255
79930535
79931901
79932331
79931006
79931101
79932977
79932593
