1269496310
1269497301
1269497269
1269497263
1269497157
1269497134
1269497082
1269496624
1269496605
1269496506
1269496494
1269496430
1269496373
1269497355
1269496302
1269496213
1269496157
1269496052
1269496048
1269495996
1269495975
1269495834
1269495732
1269495720
1269495591
1269498462
1269499980
1269499344
1269499277
1269499175
1269498994
1269498978
1269498860
1269498712
1269498708
1269498678
1269498655
1269498488
1269495587
1269498448
1269498280
1269498270
1269498134
1269498131
1269498127
1269498117
1269497961
1269497756
1269497396
1269497390
1269490738
1269491874
1269491481
1269491470
1269491448
1269491362
1269491275
1269491266
1269491238
1269491211
1269491189
1269490866
1269490751
1269492022
1269490692
1269490688
1269490645
1269490638
1269490528
1269490483
1269490459
1269490400
1269490369
1269490179
1269490135
1269493392
1269495531
1269495255
1269495063
1269494876
1269494753
1269494511
1269494458
1269494439
1269494251
1269494024
1269493776
1269493463
1269490079
1269493247
1269493096
1269493084
1269492964
1269492897
1269492740
1269492679
1269492600
1269492339
1269492227
1269492117
