995410115
995410178
995410218
995410229
995410260
995410264
995410280
995410303
995410307
995410355
995410401
995410436
995410459
995410483
995410488
995410498
995410500
995410512
995410517
995410523
995410554
995410567
995410609
995410631
995410632
995410636
995410640
995410651
995410664
995410668
995410670
995410671
995410686
995410703
995410736
995410744
995410748
995410766
995410778
995410783
995410808
995410810
995410813
995410817
995410831
995410833
995410834
995410842
995410845
995410859
995410862
995410868
995410877
995410897
995410937
995410956
995410974
995410993
995411000
995411022
995411092
995411169
995411170
995411207
995411238
995411276
995411287
995411299
995411355
995411382
995411390
995411418
995411426
995411437
995411487
995411498
995411513
995411516
995411550
995411596
995411731
995411782
995411783
995411834
995411879
995411917
995411927
995411962
995411988
995411993
995412048
995412099
995412113
995412129
995412137
995412151
995412183
995412190
995412209
995412248
995412279
995412335
995412352
995412354
995412355
995412357
995412370
995412380
995412400
995412409
995412413
995412447
995412449
995412454
995412463
995412477
995412521
995412535
995412543
995412553
995412572
995412577
995412592
995412596
995412651
995412658
995412675
995412678
995412679
995412695
995412701
995412710
995412714
995412716
995412720
995412741
995412769
995412827
995412829
995412878
995412946
995412971
995412976
995412979
995412994
995413011
995413034
995413040
995413047
995413048
995413049
995413070
995413074
995413096
995413106
995413125
995413129
995413161
995413178
995413187
995413201
995413218
995413249
995413273
995413281
995413294
995413296
995413311
995413314
995413353
995413367
995413448
995413459
995413465
995413468
995413481
995413500
995413501
995413530
995413572
995413577
995413591
995413598
995413624
995413642
995413646
995413649
995413658
995413677
995413735
995413782
995413793
995413805
995413806
995413814
995413838
995413862
995413867
995413882
995413928
995413957
995413973
995413980
995414006
995414026
995414060
995414064
995414087
995414122
995414133
995414149
995414154
995414155
995414171
995414175
995414176
995414191
995414196
995414268
995414284
995414297
995414315
995414328
995414354
995414356
995414366
995414386
995414408
995414432
995414467
995414504
995414552
995414563
995414567
995414589
995414609
995414614
995414634
995414643
995414648
995414672
995414694
995414712
995414738
995414766
995414799
995414806
995414836
995414856
995414862
995414877
995414900
995414923
995414936
995414953
995414967
995415004
995415020
995415040
995415053
995415093
995415104
995415146
995415149
995415160
995415177
995415195
995415232
995415239
995415269
995415271
995415317
995415331
995415343
995415381
995415382
995415388
995415400
995415431
995415438
995415471
995415518
995415540
995415644
995415662
995415686
995415695
995415713
995415741
995415790
995415806
995415808
995415813
995415890
995415904
995415907
995415909
995415963
995415984
995415995
995416000
995416012
995416044
995416096
995416124
995416152
995416189
995416255
995416261
995416263
995416273
995416279
995416282
995416284
995416291
995416327
995416333
995416338
995416339
995416341
995416342
995416344
995416378
995416380
995416385
995416422
995416430
995416449
995416473
995416491
995416508
995416514
995416564
995416566
995416574
995416584
995416587
995416608
995416628
995416650
995416677
995416690
995416694
995416697
995416713
995416726
995416729
995416740
995416753
995416758
995416862
995416890
995416896
995416913
995416932
995416963
995416978
995417003
995417030
995417050
995417058
995417072
995417080
995417099
995417130
995417131
995417132
995417166
995417197
995417201
995417243
995417268
995417318
995417349
995417372
995417377
995417396
995417422
995417431
995417452
995417455
995417458
995417461
995417465
995417536
995417540
995417544
995417554
995417563
995417658
995417667
995417687
995417696
995417706
995417711
995417713
995417718
995417719
995417734
995417753
995417793
995417881
995417889
995417916
995417941
995417960
995417963
995417967
995417975
995418001
995418007
995418056
995418057
995418062
995418102
995418119
995418160
995418253
995418265
995418315
995418356
995418371
995418417
995418426
995418468
995418493
995418508
995418512
995418568
995418570
995418573
995418575
995418579
995418643
995418657
995418697
995418745
995418749
995418756
995418806
995418823
995418825
995418841
995418890
995418928
995419088
995419095
995419103
995419118
995419131
995419152
995419177
995419221
995419224
995419285
995419297
995419313
995419324
995419340
995419374
995419380
995419412
995419445
995419488
995419498
995419507
995419513
995419514
995419520
995419525
995419535
995419540
995419553
995419558
995419566
995419578
995419602
995419605
995419630
995419631
995419671
995419673
995419761
995419806
995419821
995419832
995419842
995419879
995419885
995419898
995419907
995419937
995419943
995419991

