754421315
757162875
757507996
756373143
756990276
752820763
752376489
751875143
754004051
753430677
753125306
751890481
751403859
751986449
750727617
751782307
753612045
752141381
759434367
752517647
757965107
756194850
752905240
758977889
751178154
753119563
752157370
757654825
757871710
758152942
753516718
758431058
750012814
750086958
753594752
755109415
756837928
759513619
756101220
753996840
757692324
752746213
754589867
751003362
755398410
753133372
756915915
751165702
757261072
755305300
758816791
757421861
757259322
754621650
750788147
754490330
752470024
758577990
753790505
755623087
755198169
754000365
757364446
756298743
750594431
751589244
756572537
751807946
758122630
759325610
752877939
759513833
751547441
754957575
752215079
756569918
752482079
754591926
753957051
756013174
