990004652
990005890
990007214
990007275
990008635
990009423
990009477
990009481
990065635
990065654
990068896
990088333
990110260
990145560
990162117
990164789
990170326
990170898
990183054
990230043
990230079
990233651
990236016
990267069
990271018
990273873
990335667
990344872
990355704
990361486
990381905
990387954
990391012
990394219
990403009
990403045
990421120
990452422
990495465
990515214
990528792
990531401
990531441
990538431
990538446
990539654
990539695
990555235
990562181
990562241
990567518
990574146
990585819
990599312
990611519
990611529
990611761
990611827
990628642
990634616
990651183
990655963
990659354
990665866
990665894
990670182
990675781
990680054
990680056
990680584
990702941
990721201
990722696
990733247
990735398
990739025
990753521
990753523
990759476
990771610
990788204
990791045
990811741
990811792
990817793
990839804
990839819
990842910
990842941
990852661
990853903
990875026
990887767
990889092
990902285
990916547
990928283
990928903
990937042
990950779
990950780
990951956
990976243
990978445
990978452
991069739
991123354
991133869
991133899
991140530
991140940
991154133
991154248
991156601
991208088
991236044
991236506
991251279
991259980
991277273
991284968
991284973
991313734
991316551
991336083
991336092
991346269
991351805
991372616
991373183
991374833
991387985
991392175
991412704
991413436
991413466
991414119
991414198
991448443
991450301
991455428
991455443
991455481
991455499
991485019
991485214
991503766
991504750
991504799
991508670
991525311
991554647
991557171
991557281
991568525
991577147
991596832
991613789
991673123
991710029
991724125
991724181
991729508
991766044
991786207
991813604
991815862
991815866
991822178
991837466
991884527
991884649
991905980
991909143
991956644
991982155
991991182
991991472
991991941
991997346
991997369
991998477
992007488
992024794
992039627
992069796
992079354
992087372
992088082
992103056
992112328
992117140
992117170
992126769
992129585
992148469
992157912
992173769
992195291
992198618
