723930025
723930041
723930043
723930046
723930049
723930058
723930068
723930077
723930083
723930095
723930101
723930105
723930108
723930116
723930125
723930163
723930165
723930176
723930189
723930196
723930212
723930216
723930221
723930228
723930237
723930257
723930266
723930271
723930282
723930322
723930326
723930331
723930334
723930337
723930339
723930354
723930358
723930365
723930386
723930396
723930398
723930419
723930421
723930440
723930443
723930450
723930478
723930514
723930515
723930527
723930534
723930595
723930596
723930601
723930606
723930656
723930669
723930673
723930682
723930699
723930724
723930744
723930760
723930769
723930778
723930790
723930796
723930806
723930828
723930833
723930837
723930840
723930846
723930849
723930855
723930895
723930908
723930938
723930949
723930962
723930963
723930968
723930976
723930985
723930988
723931002
723931007
723931010
723931021
723931068
723931087
723931109
723931132
723931142
723931143
723931184
723931196
723931210
723931228
723931230
